7.564814814814815
11.197407407407407
8.257592592592593
6.0942592592592595
4.982037037037037
6.7498148148148145
5.472222222222222
5.922407407407407
5.347777777777778
4.851296296296296
4.681851851851852
4.701481481481482
4.151851851851852
4.57962962962963
6.216296296296297
5.149074074074074
3.7485185185185186
4.176481481481481
4.031481481481482
4.007407407407407
4.2898148148148145
4.029444444444445
4.4222222222222225
3.539814814814815
3.522777777777778
3.229814814814815
2.997037037037037
3.6081481481481483
3.2622222222222224
3.346296296296296
3.585
5.866851851851852
3.2044444444444444
3.3655555555555554
3.194074074074074
3.292037037037037
3.2637037037037038
2.647777777777778
3.4455555555555555
3.476111111111111
3.228148148148148
2.7474074074074073
3.16962962962963
3.093703703703704
2.762777777777778
3.0614814814814815
3.2111111111111112
3.001851851851852
3.0188888888888887
2.7933333333333334
2.872962962962963
2.5255555555555556
2.607037037037037
2.802962962962963
3.6012962962962964
2.654259259259259
2.8407407407407406
2.666851851851852
2.6446296296296294
2.6951851851851854
3.1105555555555555
3.295185185185185
2.578333333333333
2.7674074074074073
2.7403703703703703
2.7355555555555555
2.593703703703704
2.307962962962963
2.464259259259259
2.7537037037037035
2.761851851851852
2.5103703703703704
2.5685185185185184
2.6866666666666665
2.2398148148148147
2.460185185185185
2.951111111111111
2.5935185185185183
2.829074074074074
2.4987037037037036
2.648888888888889
2.312222222222222
2.4564814814814815
2.6616666666666666
2.4125925925925924
2.686111111111111
2.704814814814815
2.4675925925925926
2.837222222222222
2.1103703703703705
2.3196296296296297
2.471296296296296
2.170925925925926
2.506111111111111
2.236666666666667
2.178703703703704
2.4162962962962964
2.480185185185185
2.985
2.2803703703703704
2.203148148148148
2.382962962962963
2.365925925925926
2.313148148148148
2.3894444444444445
2.6544444444444446
2.2490740740740742
2.289814814814815
2.29462962962963
2.702777777777778
2.2764814814814813
2.355
2.2672222222222222
2.2042592592592594
2.4755555555555557
2.269814814814815
2.0142592592592594
2.329814814814815
2.088888888888889
2.280740740740741
2.0768518518518517
2.198148148148148
2.2185185185185183
2.1911111111111112
2.203333333333333
2.4720370370370373
2.0031481481481483
2.345740740740741
2.400925925925926
2.0327777777777776
2.2835185185185187
2.6101851851851854
2.1527777777777777
1.947962962962963
2.3794444444444443
2.132037037037037
2.283148148148148
2.1438888888888887
2.1751851851851853
2.352037037037037
2.2564814814814813
2.4524074074074074
2.2237037037037037
2.303148148148148
2.3698148148148146
2.2688888888888887
2.0644444444444443
2.182777777777778
2.2424074074074074
2.118888888888889
2.357962962962963
2.1903703703703705
2.144814814814815
2.2707407407407407
2.165925925925926
2.3112962962962964
2.2292592592592593
2.107222222222222
2.1253703703703706
2.0935185185185183
2.4125925925925924
2.0211111111111113
2.1107407407407406
2.2557407407407406
2.068888888888889
2.1575925925925925
2.3362962962962963
2.313148148148148
2.2198148148148147
2.2712962962962964
2.1992592592592595
2.436851851851852
2.242777777777778
2.4094444444444445
1.9324074074074074
2.0574074074074074
2.093703703703704
2.632962962962963
2.4592592592592593
2.0635185185185185
2.4324074074074074
2.4612962962962963
2.103148148148148
2.466296296296296
1.9946296296296295
2.1042592592592593
2.207222222222222
2.120925925925926
2.223148148148148
2.048888888888889
2.351111111111111
2.3255555555555554
2.200925925925926
1.9862962962962962
2.126851851851852
2.1168518518518518
2.2025925925925924
2.4694444444444446
2.2472222222222222
1.9362962962962964
2.4588888888888887
2.1372222222222224
2.1253703703703706
2.0253703703703705
2.375
2.195925925925926
2.344259259259259
2.2364814814814813
2.082962962962963
2.102592592592593
2.115925925925926
2.2083333333333335
2.0796296296296295
1.9533333333333334
2.3594444444444442
2.3235185185185183
2.1375925925925925
1.9814814814814814
2.0433333333333334
2.1387037037037038
2.2198148148148147
2.150185185185185
2.134259259259259
2.158888888888889
2.4466666666666668
2.1948148148148148
2.5083333333333333
2.280925925925926
2.08
2.29462962962963
2.1166666666666667
2.1946296296296297
1.9185185185185185
1.961851851851852
1.9781481481481482
2.1625925925925924
2.3785185185185185
2.2664814814814815
1.9574074074074075
2.2418518518518518
2.0396296296296295
2.1635185185185186
2.0535185185185183
2.271851851851852
2.3003703703703704
2.150925925925926
2.085185185185185
2.1703703703703705
2.2483333333333335
2.272037037037037
