40850
60466
44591
32909
26903
36449
29550
31981
28878
26197
25282
25388
22420
24730
33568
27805
20242
22553
21770
21640
23165
21759
23880
19115
19023
17441
16184
19484
17616
18070
19359
31681
17304
18174
17248
17777
17624
14298
18606
18771
17432
14836
17116
16706
14919
16532
17340
16210
16302
15084
15514
13638
14078
15136
19447
14333
15340
14401
14281
14554
16797
17794
13923
14944
14798
14772
14006
12463
13307
14870
14914
13556
13870
14508
12095
13285
15936
14005
15277
13493
14304
12486
13265
14373
13028
14505
14606
13325
15321
11396
12526
13345
11723
13533
12078
11765
13048
13393
16119
12314
11897
12868
12776
12491
12903
14334
12145
12365
12391
14595
12293
12717
12243
11903
13368
12257
10877
12581
11280
12316
11215
11870
11980
11832
11898
13349
10817
12667
12965
10977
12331
14095
11625
10519
12849
11513
12329
11577
11746
12701
12185
13243
12008
12437
12797
12252
11148
11787
12109
11442
12733
11828
11582
12262
11696
12481
12038
11379
11477
11305
13028
10914
11398
12181
11172
11651
12616
12491
11987
12265
11876
13159
12111
13011
10435
11110
11306
14218
13280
11143
13135
13291
11357
13318
10771
11363
11919
11453
12005
11064
12696
12558
11885
10726
11485
11431
11894
13335
12135
10456
13278
11541
11477
10937
12825
11858
12659
12077
11248
11354
11426
11925
11230
10548
12741
12547
11543
10700
11034
11549
11987
11611
11525
11658
13212
11852
13545
12317
11232
12391
11430
11851
10360
10594
10682
11678
12844
12239
10570
12106
11014
11683
11089
12268
12422
11615
11260
11720
12141
12269
