-28318.0
-45040.0
-30627.0
-21414.0
-16597.0
-23861.0
-18859.0
-19642.0
-17797.0
-15709.0
-15617.0
-15259.0
-13206.0
-14669.0
-20315.0
-16204.0
-11621.0
-12827.0
-11981.0
-12079.0
-13134.0
-11974.0
-12019.0
-9540.0
-10137.0
-8280.0
-7742.0
-10232.0
-8497.0
-9079.0
-9800.0
-20616.0
-8410.0
-8720.0
-8471.0
-7061.0
-8108.0
-6391.0
-9585.0
-8499.0
-7813.0
-6393.0
-8257.0
-7448.0
-6592.0
-7034.0
-7531.0
-7924.0
-7678.0
-6786.0
-6494.0
-5598.0
-6051.0
-5854.0
-8162.0
-5900.0
-5937.0
-5580.0
-5910.0
-6273.0
-6919.0
-8702.0
-5810.0
-6913.0
-6524.0
-6332.0
-5826.0
-5313.0
-5290.0
-6529.0
-6263.0
-5561.0
-5555.0
-5770.0
-4831.0
-5634.0
-7349.0
-5586.0
-7567.0
-5698.0
-5095.0
-4729.0
-5747.0
-6311.0
-4705.0
-4700.0
-5243.0
-4999.0
-6106.0
-3738.0
-4853.0
-5185.0
-4314.0
-4666.0
-4560.0
-4551.0
-4528.0
-4803.0
-6255.0
-5189.0
-3952.0
-4298.0
-5343.0
-4905.0
-4970.0
-5412.0
-4081.0
-5040.0
-4570.0
-4741.0
-4470.0
-4399.0
-4814.0
-4687.0
-4291.0
-4499.0
-3734.0
-5075.0
-4152.0
-4583.0
-3976.0
-4268.0
-4428.0
-4216.0
-4122.0
-4931.0
-3660.0
-4805.0
-4050.0
-4084.0
-4760.0
-4487.0
-3821.0
-3947.0
-5235.0
-3919.0
-4330.0
-4234.0
-3944.0
-4646.0
-3867.0
-4866.0
-3922.0
-4535.0
-4615.0
-4286.0
-4028.0
-4267.0
-4315.0
-4027.0
-4953.0
-4182.0
-3882.0
-4703.0
-3617.0
-4654.0
-4125.0
-3822.0
-4196.0
-4065.0
-4307.0
-3623.0
-4220.0
-4813.0
-3891.0
-4185.0
-4540.0
-4871.0
-4449.0
-4383.0
-4496.0
-4940.0
-4221.0
-4040.0
-3562.0
-4112.0
-4291.0
-5439.0
-3966.0
-4153.0
-4494.0
-4370.0
-4147.0
-4396.0
-4056.0
-4178.0
-3966.0
-4291.0
-4018.0
-3845.0
-4478.0
-4119.0
-4190.0
-3551.0
-4194.0
-3659.0
-4133.0
-4130.0
-4392.0
-3422.0
-5545.0
-3795.0
-4149.0
-3647.0
-3412.0
-4349.0
-4468.0
-4441.0
-3935.0
-3844.0
-4400.0
-4071.0
-3903.0
-4408.0
-4423.0
-4475.0
-3939.0
-3777.0
-4087.0
-3656.0
-4249.0
-4049.0
-3835.0
-4460.0
-4486.0
-4481.0
-3974.0
-4429.0
-3643.0
-4463.0
-3618.0
-3996.0
-3713.0
-3597.0
-3768.0
-4134.0
-4366.0
-4478.0
-3764.0
-3924.0
-3889.0
-4118.0
-4096.0
-4484.0
-4067.0
-3643.0
-3853.0
-4512.0
-4614.0
-4393.0
