47167
41474
35636
31608
35655
25340
29091
24861
30581
23701
32926
25322
22126
22582
29737
26942
19525
22174
23102
20696
23481
20098
24835
20362
21681
18413
18878
21449
18945
19335
16459
17410
21066
26098
18109
20741
20390
16023
15999
18213
18422
16412
18603
16944
14396
16445
17619
14990
14799
16317
15969
13868
15098
16232
18286
15564
15539
15394
15237
15021
18037
14268
12819
15199
13352
16479
14480
13620
14835
14350
14514
13660
13456
15836
13589
14605
14353
14034
13188
14245
15462
11481
14022
12773
12835
13596
14424
14537
14655
13629
13576
13778
12740
13951
13106
11318
12869
14261
15140
12132
13398
13976
12657
13745
12638
14441
12458
15039
12578
14432
13685
13089
13053
13081
14427
12651
11774
12315
12632
12976
12702
12368
12896
12625
13368
12648
12215
13291
15191
13096
14284
14520
11642
12289
12072
13356
12431
11976
13135
13078
13289
14297
12808
13092
13731
12607
13127
11793
12656
11522
14148
12618
12283
12774
11473
12181
11972
13336
12811
12219
13766
10908
12589
12593
11725
12989
13321
11725
12452
12766
12375
14153
13064
13431
12742
12306
11498
15492
13741
12294
15131
13407
12512
15754
12250
12474
12873
12627
12701
12967
12623
13451
12875
12843
12431
13045
13812
13999
13700
12442
13219
12018
12766
12163
15378
12121
14296
14334
12273
13765
14211
12416
12547
11850
13102
13118
12584
11871
13584
13174
12776
13463
12281
13205
13931
12687
13722
13317
12670
11921
12522
13808
11860
11581
12083
12015
12947
12178
12088
14145
11911
12851
13541
13007
14014
12194
12270
13230
13375
12831
12863
13086
12217
13215
12638
14704
15518
12319
12468
13471
12444
14486
13469
11169
14612
12033
12864
11994
11626
13324
12373
13547
11957
12877
11653
12107
14521
14758
13469
13283
14976
12797
11659
13283
12414
14061
13382
13935
13515
11770
12109
14188
11725
11295
13272
13331
12010
12328
13415
12840
