8.73462962962963
7.680370370370371
6.599259259259259
5.8533333333333335
6.602777777777778
4.692592592592592
5.387222222222222
4.603888888888889
5.6631481481481485
4.389074074074074
6.097407407407408
4.689259259259259
4.097407407407408
4.181851851851852
5.506851851851851
4.989259259259259
3.615740740740741
4.106296296296296
4.278148148148148
3.8325925925925928
4.348333333333334
3.7218518518518517
4.599074074074074
3.7707407407407407
4.015
3.4098148148148146
3.495925925925926
3.9720370370370373
3.5083333333333333
3.5805555555555557
3.0479629629629628
3.224074074074074
3.901111111111111
4.832962962962963
3.3535185185185186
3.840925925925926
3.775925925925926
2.9672222222222224
2.9627777777777777
3.372777777777778
3.4114814814814816
3.0392592592592593
3.445
3.137777777777778
2.665925925925926
3.0453703703703705
3.262777777777778
2.775925925925926
2.7405555555555554
3.0216666666666665
2.957222222222222
2.5681481481481483
2.795925925925926
3.005925925925926
3.386296296296296
2.882222222222222
2.8775925925925927
2.850740740740741
2.8216666666666668
2.7816666666666667
3.3401851851851854
2.6422222222222222
2.3738888888888887
2.81462962962963
2.4725925925925925
3.0516666666666667
2.6814814814814816
2.522222222222222
2.7472222222222222
2.6574074074074074
2.687777777777778
2.5296296296296297
2.4918518518518518
2.9325925925925924
2.5164814814814815
2.7046296296296295
2.657962962962963
2.598888888888889
2.442222222222222
2.637962962962963
2.8633333333333333
2.1261111111111113
2.5966666666666667
2.3653703703703703
2.376851851851852
2.517777777777778
2.671111111111111
2.692037037037037
2.713888888888889
2.523888888888889
2.514074074074074
2.5514814814814817
2.359259259259259
2.5835185185185185
2.427037037037037
2.095925925925926
2.3831481481481482
2.640925925925926
2.803703703703704
2.2466666666666666
2.4811111111111113
2.5881481481481483
2.343888888888889
2.5453703703703705
2.3403703703703704
2.674259259259259
2.307037037037037
2.785
2.3292592592592594
2.6725925925925926
2.5342592592592594
2.423888888888889
2.417222222222222
2.4224074074074076
2.671666666666667
2.3427777777777776
2.1803703703703703
2.2805555555555554
2.339259259259259
2.4029629629629627
2.352222222222222
2.29037037037037
2.388148148148148
2.337962962962963
2.4755555555555557
2.3422222222222224
2.262037037037037
2.4612962962962963
2.813148148148148
2.4251851851851853
2.645185185185185
2.688888888888889
2.155925925925926
2.2757407407407406
2.2355555555555555
2.473333333333333
2.302037037037037
2.2177777777777776
2.4324074074074074
2.421851851851852
2.4609259259259257
2.6475925925925927
2.3718518518518517
2.4244444444444446
2.542777777777778
2.33462962962963
2.430925925925926
2.1838888888888888
2.343703703703704
2.133703703703704
2.62
2.3366666666666664
2.27462962962963
2.3655555555555554
2.1246296296296294
2.2557407407407406
2.217037037037037
2.4696296296296296
2.3724074074074073
2.262777777777778
2.549259259259259
2.02
2.3312962962962964
2.332037037037037
2.1712962962962963
2.4053703703703704
2.466851851851852
2.1712962962962963
2.305925925925926
2.364074074074074
2.2916666666666665
2.620925925925926
2.419259259259259
2.487222222222222
2.3596296296296297
2.278888888888889
2.129259259259259
2.868888888888889
2.54462962962963
2.276666666666667
2.802037037037037
2.4827777777777778
2.317037037037037
2.9174074074074072
2.2685185185185186
2.31
2.383888888888889
2.3383333333333334
2.352037037037037
2.4012962962962963
2.3375925925925927
2.490925925925926
2.384259259259259
2.3783333333333334
2.302037037037037
2.4157407407407407
2.557777777777778
2.5924074074074075
2.537037037037037
2.304074074074074
2.447962962962963
2.2255555555555557
2.364074074074074
2.252407407407407
2.847777777777778
2.2446296296296295
2.647407407407407
2.6544444444444446
2.272777777777778
2.549074074074074
2.631666666666667
2.299259259259259
2.3235185185185183
2.1944444444444446
2.426296296296296
2.4292592592592595
2.33037037037037
2.1983333333333333
2.5155555555555558
2.43962962962963
2.365925925925926
2.493148148148148
2.274259259259259
2.4453703703703704
2.579814814814815
2.3494444444444444
2.5411111111111113
2.466111111111111
2.346296296296296
2.2075925925925928
2.318888888888889
2.557037037037037
2.196296296296296
2.1446296296296294
2.2375925925925926
2.225
2.3975925925925927
2.2551851851851854
2.2385185185185184
2.6194444444444445
2.205740740740741
2.379814814814815
2.5075925925925926
2.408703703703704
2.5951851851851853
2.2581481481481482
2.272222222222222
2.45
2.4768518518518516
2.3761111111111113
2.382037037037037
2.4233333333333333
2.2624074074074074
2.4472222222222224
2.3403703703703704
2.722962962962963
2.8737037037037036
2.281296296296296
2.3088888888888888
2.4946296296296295
2.3044444444444445
2.6825925925925924
2.4942592592592594
2.0683333333333334
2.705925925925926
2.2283333333333335
2.382222222222222
2.221111111111111
2.1529629629629627
2.4674074074074075
2.2912962962962964
2.508703703703704
2.214259259259259
2.3846296296296297
2.157962962962963
2.242037037037037
2.689074074074074
2.732962962962963
2.4942592592592594
2.459814814814815
2.7733333333333334
2.3698148148148146
2.159074074074074
2.459814814814815
2.298888888888889
2.6038888888888887
2.478148148148148
2.5805555555555557
2.5027777777777778
2.1796296296296296
2.2424074074074074
2.627407407407407
2.1712962962962963
2.091666666666667
2.457777777777778
2.468703703703704
2.224074074074074
2.282962962962963
2.484259259259259
2.3777777777777778
