-33015.0
-27391.0
-23738.0
-19622.0
-23822.0
-15194.0
-17830.0
-14800.0
-18891.0
-13573.0
-22067.0
-15210.0
-12762.0
-12707.0
-17203.0
-15216.0
-10533.0
-11783.0
-12248.0
-10547.0
-13142.0
-10758.0
-13174.0
-11096.0
-11917.0
-8767.0
-9455.0
-10596.0
-9611.0
-9786.0
-8245.0
-8181.0
-11352.0
-15914.0
-8518.0
-9480.0
-10078.0
-7239.0
-7171.0
-7609.0
-8668.0
-7953.0
-8897.0
-8225.0
-6315.0
-7050.0
-8263.0
-6388.0
-6423.0
-7523.0
-7199.0
-5958.0
-6836.0
-6742.0
-7203.0
-6899.0
-5733.0
-6601.0
-6477.0
-5698.0
-6966.0
-5708.0
-4993.0
-7156.0
-5344.0
-7333.0
-6102.0
-5346.0
-6417.0
-5857.0
-6358.0
-5678.0
-5482.0
-6471.0
-5628.0
-6478.0
-5590.0
-5727.0
-5128.0
-5631.0
-5372.0
-4226.0
-5527.0
-5201.0
-4576.0
-5700.0
-4822.0
-5865.0
-5812.0
-5750.0
-5418.0
-4942.0
-5177.0
-5446.0
-5351.0
-3822.0
-4860.0
-5284.0
-5206.0
-4333.0
-5216.0
-5234.0
-5204.0
-5525.0
-4899.0
-5106.0
-4702.0
-6159.0
-4906.0
-5041.0
-5241.0
-4950.0
-5183.0
-4876.0
-4983.0
-4590.0
-4333.0
-4833.0
-4639.0
-4895.0
-4831.0
-4850.0
-4922.0
-4741.0
-5293.0
-5050.0
-4713.0
-5076.0
-5506.0
-5492.0
-5497.0
-4716.0
-4871.0
-5001.0
-4602.0
-5059.0
-4621.0
-4525.0
-5167.0
-5343.0
-4327.0
-5691.0
-4881.0
-5054.0
-5206.0
-4621.0
-5287.0
-4221.0
-4666.0
-4508.0
-5713.0
-4687.0
-4650.0
-5253.0
-4203.0
-4210.0
-4569.0
-5446.0
-5341.0
-4590.0
-4671.0
-3995.0
-4571.0
-4960.0
-4572.0
-4724.0
-5044.0
-4295.0
-4681.0
-4614.0
-4724.0
-5057.0
-5338.0
-4962.0
-4949.0
-4466.0
-4332.0
-5941.0
-4445.0
-4928.0
-5611.0
-4403.0
-4506.0
-6302.0
-4686.0
-4594.0
-5156.0
-4669.0
-4635.0
-4645.0
-4541.0
-4932.0
-5184.0
-5284.0
-4976.0
-4710.0
-5625.0
-4560.0
-4985.0
-5393.0
-5317.0
-4485.0
-5444.0
-4582.0
-4974.0
-4323.0
-4893.0
-5019.0
-4679.0
-5650.0
-5435.0
-4697.0
-4902.0
-4469.0
-4409.0
-5031.0
-4963.0
-4383.0
-5595.0
-4724.0
-4876.0
-5576.0
-4649.0
-5659.0
-4735.0
-4967.0
-4858.0
-5166.0
-4768.0
-4381.0
-4964.0
-4904.0
-4484.0
-3848.0
-4679.0
-4464.0
-5012.0
-4492.0
-4612.0
-5326.0
-4527.0
-4610.0
-5564.0
-4946.0
-4772.0
-4588.0
-4466.0
-5081.0
-5227.0
-4884.0
-5369.0
-4694.0
-4768.0
-5075.0
-4555.0
-5805.0
-5594.0
-4342.0
-4285.0
-5166.0
-4597.0
-5658.0
-5171.0
-4087.0
-6140.0
-4481.0
-5266.0
-4428.0
-3996.0
-5264.0
-4927.0
-4860.0
-4662.0
-5289.0
-4223.0
-4711.0
-5287.0
-6027.0
-5631.0
-4840.0
-5345.0
-4701.0
-4642.0
-5027.0
-5384.0
-5119.0
-5107.0
-5066.0
-5316.0
-4458.0
-4355.0
-5747.0
-4147.0
-4180.0
-5113.0
-5479.0
-4629.0
-4296.0
-5238.0
-5016.0
