4.7098148148148145
4.747037037037037
5.731481481481482
5.235740740740741
5.170740740740741
5.0488888888888885
5.071111111111111
5.269814814814815
5.029259259259259
5.703888888888889
5.272037037037037
5.176851851851852
5.032222222222222
4.968333333333334
5.769444444444445
5.680185185185185
5.413518518518519
4.957407407407407
5.0488888888888885
5.206111111111111
4.860740740740741
4.95462962962963
9.594444444444445
5.415925925925926
5.195925925925926
5.614814814814815
5.021296296296296
4.989444444444445
4.872407407407407
5.232592592592592
5.004444444444444
5.530185185185185
5.214074074074074
4.951851851851852
5.0633333333333335
10.905185185185186
5.2898148148148145
5.102222222222222
5.584074074074074
8.545925925925927
5.016111111111111
5.030185185185185
4.946851851851852
4.915
5.389074074074074
5.229259259259259
5.047037037037037
4.943518518518519
5.879444444444444
4.868148148148149
5.0579629629629625
5.176481481481481
5.086296296296296
5.657037037037037
9.288148148148148
5.2064814814814815
8.561851851851852
5.673148148148148
5.666296296296296
5.244814814814815
9.880925925925926
5.284074074074074
5.4346296296296295
5.021851851851852
5.299444444444444
5.357407407407408
5.322777777777778
5.041111111111111
5.402777777777778
5.495185185185186
5.04925925925926
5.672407407407407
4.9692592592592595
5.252962962962963
5.2374074074074075
5.25537037037037
5.217592592592593
5.266666666666667
5.5290740740740745
4.713333333333333
7.954814814814815
5.439629629629629
5.6903703703703705
5.136296296296297
5.338888888888889
11.884814814814815
9.797037037037038
5.026296296296296
4.839814814814815
4.881296296296297
5.161296296296296
4.852592592592592
4.939444444444445
9.374444444444444
4.997407407407407
5.6103703703703705
4.873703703703704
5.239074074074074
10.303333333333333
4.901481481481482
5.214074074074074
10.342037037037038
5.216851851851852
5.22
5.088703703703704
8.858333333333333
5.1285185185185185
5.5724074074074075
5.206666666666667
8.532222222222222
4.931481481481481
5.409814814814815
5.189814814814815
4.982592592592592
9.524444444444445
5.16
5.2027777777777775
5.257962962962963
5.332037037037037
5.0468518518518515
5.181666666666667
4.747407407407407
5.181666666666667
6.338333333333333
5.17537037037037
5.0938888888888885
5.183518518518518
5.166851851851852
7.8405555555555555
5.538518518518519
5.552962962962963
9.837592592592593
5.037962962962963
4.894629629629629
4.847962962962963
4.948333333333333
5.175925925925926
5.479629629629629
4.79462962962963
5.276666666666666
10.097777777777777
4.988148148148148
5.163333333333333
5.034074074074074
5.536851851851852
5.235
4.991296296296296
5.391481481481481
5.426481481481481
5.183518518518518
5.15962962962963
5.252962962962963
4.9003703703703705
5.0724074074074075
5.22
5.138518518518518
5.272962962962963
5.101481481481481
5.160555555555556
5.394629629629629
9.106296296296296
5.4998148148148145
5.003703703703704
5.433888888888889
5.145555555555555
4.877962962962963
4.937962962962963
4.783518518518519
5.2246296296296295
5.5938888888888885
5.165925925925926
4.953703703703703
5.108518518518519
7.17037037037037
4.923333333333333
4.630740740740741
4.918888888888889
8.437962962962963
7.32537037037037
5.349259259259259
8.320925925925925
7.5542592592592595
4.961111111111111
8.72962962962963
5.6503703703703705
5.49
5.047407407407407
5.326851851851852
5.349259259259259
4.975185185185185
5.109074074074074
5.203333333333333
5.017592592592592
5.136111111111111
5.042592592592593
4.970185185185185
5.022222222222222
11.319814814814816
5.241296296296296
5.466481481481481
4.882592592592593
5.35
5.425
5.196111111111111
9.448333333333334
4.965740740740741
9.920555555555556
5.685555555555555
4.887962962962963
5.001296296296296
4.828888888888889
5.371296296296296
5.408518518518519
5.6503703703703705
5.064444444444445
4.9564814814814815
5.357222222222222
5.197222222222222
5.226851851851852
5.5253703703703705
5.295
5.085555555555556
4.960925925925926
5.287222222222222
8.18
4.913518518518519
8.856481481481481
5.25462962962963
5.229444444444445
5.000740740740741
5.026851851851852
5.0707407407407405
4.948518518518519
5.49
5.147777777777778
5.386111111111111
5.186111111111111
4.876481481481481
5.251666666666667
9.175185185185185
4.683703703703704
5.527037037037037
5.095370370370371
5.394074074074074
9.135
5.700925925925926
5.145740740740741
5.6161111111111115
5.1251851851851855
5.4057407407407405
