-12907.0
-13725.0
-16835.0
-14611.0
-14660.0
-14203.0
-14443.0
-15642.0
-14958.0
-16953.0
-15461.0
-15289.0
-14492.0
-14622.0
-16289.0
-16557.0
-15645.0
-14504.0
-14580.0
-15085.0
-14215.0
-13819.0
-28649.0
-16028.0
-15279.0
-16786.0
-14432.0
-13959.0
-14188.0
-15099.0
-14487.0
-16180.0
-14984.0
-14605.0
-14300.0
-33503.0
-14587.0
-15584.0
-17127.0
-25580.0
-14377.0
-14340.0
-13732.0
-13907.0
-15885.0
-14455.0
-14648.0
-14474.0
-17423.0
-14057.0
-14371.0
-15186.0
-14876.0
-16388.0
-27561.0
-15145.0
-25987.0
-17237.0
-16247.0
-14635.0
-29976.0
-15470.0
-15624.0
-14935.0
-15576.0
-15473.0
-15769.0
-15196.0
-15925.0
-15614.0
-13749.0
-16789.0
-14100.0
-15108.0
-15485.0
-15437.0
-15410.0
-15849.0
-16379.0
-13816.0
-23959.0
-16793.0
-17254.0
-14245.0
-15480.0
-38091.0
-30616.0
-13844.0
-13598.0
-14006.0
-14634.0
-13026.0
-14519.0
-28898.0
-14670.0
-16846.0
-13851.0
-14795.0
-31034.0
-14408.0
-15318.0
-31333.0
-15526.0
-15204.0
-14643.0
-27361.0
-14415.0
-15989.0
-14893.0
-25512.0
-14133.0
-16029.0
-15440.0
-14289.0
-28939.0
-14276.0
-15266.0
-15376.0
-15891.0
-14585.0
-15737.0
-13916.0
-14333.0
-18481.0
-14702.0
-14847.0
-15129.0
-14969.0
-23504.0
-16848.0
-16337.0
-29750.0
-14924.0
-14149.0
-14177.0
-13896.0
-14828.0
-16860.0
-13702.0
-15280.0
-32006.0
-13794.0
-14669.0
-14510.0
-15242.0
-14789.0
-14440.0
-16191.0
-15845.0
-15224.0
-14167.0
-15566.0
-14072.0
-14384.0
-15020.0
-15198.0
-15807.0
-14529.0
-15374.0
-16014.0
-27932.0
-15842.0
-14319.0
-16294.0
-15404.0
-14482.0
-14123.0
-13424.0
-15491.0
-16254.0
-15153.0
-13848.0
-15004.0
-21513.0
-13711.0
-13080.0
-14346.0
-25724.0
-21988.0
-15730.0
-24845.0
-21997.0
-14017.0
-26856.0
-16657.0
-15720.0
-14644.0
-15349.0
-15517.0
-14620.0
-14584.0
-15504.0
-14146.0
-14983.0
-14852.0
-14317.0
-13990.0
-35442.0
-15150.0
-16197.0
-14006.0
-16015.0
-15855.0
-15012.0
-28863.0
-13644.0
-32008.0
-16443.0
-14025.0
-14543.0
-13682.0
-15796.0
-16160.0
-16451.0
-14147.0
-13872.0
-15738.0
-15373.0
-15262.0
-16314.0
-15684.0
-14658.0
-14614.0
-15468.0
-24809.0
-13997.0
-27781.0
-15479.0
-15285.0
-14316.0
-15015.0
-14178.0
-14744.0
-16261.0
-15456.0
-15789.0
-14808.0
-14294.0
-15188.0
-28492.0
-13697.0
-16066.0
-15229.0
-15868.0
-27994.0
-16837.0
-15271.0
-16956.0
-14505.0
-15279.0
