25433
25634
30950
28273
27922
27264
27384
28457
27158
30801
28469
27955
27174
26829
31155
30673
29233
26770
27264
28113
26248
26755
51810
29246
28058
30320
27115
26943
26311
28256
27024
29863
28156
26740
27342
58888
28565
27552
30154
46148
27087
27163
26713
26541
29101
28238
27254
26695
31749
26288
27313
27953
27466
30548
50156
28115
46234
30635
30598
28322
53357
28534
29347
27118
28617
28930
28743
27222
29175
29674
27266
30631
26834
28366
28282
28379
28175
28440
29857
25452
42956
29374
30728
27736
28830
64178
52904
27142
26135
26359
27871
26204
26673
50622
26986
30296
26318
28291
55638
26468
28156
55847
28171
28188
27479
47835
27694
30091
28116
46074
26630
29213
28025
26906
51432
27864
28095
28393
28793
27253
27981
25636
27981
34227
27947
27507
27991
27901
42339
29908
29986
53123
27205
26431
26179
26721
27950
29590
25891
28494
54528
26936
27882
27184
29899
28269
26953
29114
29303
27991
27862
28366
26462
27391
28188
27748
28474
27548
27867
29131
49174
29699
27020
29343
27786
26341
26665
25831
28213
30207
27896
26750
27586
38720
26586
25006
26562
45565
39557
28886
44933
40793
26790
47140
30512
29646
27256
28765
28886
26866
27589
28098
27095
27735
27230
26839
27120
61127
28303
29519
26366
28890
29295
28059
51021
26815
53571
30702
26395
27007
26076
29005
29206
30512
27348
26765
28929
28065
28225
29837
28593
27462
26789
28551
44172
26533
47825
28375
28239
27004
27145
27382
26722
29646
27798
29085
28005
26333
28359
49546
25292
29846
27515
29128
49329
30785
27787
30327
27676
29191
